# This file may be used to create an environment using:
# $ conda create --name <env> --file <this file>
# platform: win-64
aioconsole=0.5.1=pyhd8ed1ab_0
aiogram=2.24=pypi_0
aiohttp=3.8.3=pypi_0
aiosignal=1.3.1=pypi_0
anyio=3.6.2=pyhd8ed1ab_0
asgiref=3.4.1=pyhd3eb1b0_0
asttokens=2.2.1=pypi_0
async-timeout=4.0.2=pypi_0
asyncio=3.4.3=pypi_0
attrs=22.2.0=pypi_0
babel=2.9.1=pypi_0
beartype=0.12.0=pypi_0
bzip2=1.0.8=he774522_0
ca-certificates=2022.12.7=h5b45459_0
certifi=2022.12.7=pyhd8ed1ab_0
charset-normalizer=2.1.1=pypi_0
colorama=0.4.6=pypi_0
django=3.2.5=pyhd3eb1b0_0
djangorestframework=3.14.0=pyhd8ed1ab_0
fast-bitrix24=1.5.15=pypi_0
frozenlist=1.3.3=pypi_0
h11=0.14.0=pyhd8ed1ab_0
h2=4.1.0=pyhd8ed1ab_0
hpack=4.0.0=pyh9f0ad1d_0
httpcore=0.16.3=pyhd8ed1ab_0
httpx=0.23.3=pyhd8ed1ab_0
hyperframe=6.0.1=pyhd8ed1ab_0
icontract=2.6.2=pypi_0
idna=3.4=pyhd8ed1ab_0
libffi=3.4.2=hd77b12b_4
libpq=12.9=hb652d5d_3
magic-filter=1.0.9=pypi_0
more-itertools=9.0.0=pypi_0
multidict=6.0.4=pypi_0
multidimensional-urlencode=0.0.4=pypi_0
openssl=1.1.1s=hcfcfb64_1
pip=21.2.4=py310haa95532_0
psycopg2=2.8.6=py310hcd4344a_1
pyasn1=0.4.8=py_0
pycryptodome=3.16.0=py310h8d17308_0
pytelegrambotapi=4.9.0=pypi_0
python=3.10.4=hbb2ffb3_0
python-telegram-bot=20.0=pyhd8ed1ab_0
python_abi=3.10=2_cp310
pytz=2022.1=py310haa95532_0
redis=3.5.3=pyhd3eb1b0_0
requests=2.28.2=pypi_0
rfc3986=1.5.0=pyhd8ed1ab_0
rsa=4.9=pyhd8ed1ab_0
setuptools=61.2.0=py310haa95532_0
six=1.16.0=pypi_0
sniffio=1.3.0=pyhd8ed1ab_0
sqlite=3.38.5=h2bbff1b_0
sqlparse=0.4.1=py_0
tk=8.6.12=h2bbff1b_0
tqdm=4.64.1=pypi_0
typing_extensions=4.1.1=pyh06a4308_0
tzdata=2022a=hda174b7_0
ucrt=10.0.22621.0=h57928b3_0
urllib3=1.26.14=pypi_0
vc=14.2=h21ff451_1
vs2015_runtime=14.32.31332=h1d6e394_9
websockets=10.4=py310h8d17308_1
wheel=0.37.1=pyhd3eb1b0_0
wincertstore=0.2=py310haa95532_2
xz=5.2.5=h8cc25b3_1
yarl=1.8.2=pypi_0
zlib=1.2.12=h8cc25b3_2
